9. novembra 2015
013;9. 11. 2015;1;2
019;9. 11. 2015;1;3
026;9. 11. 2015;2;1
027;9. 11. 2015;1;3
033;9. 11. 2015;2;4
034;9. 11. 2015;2;3
042;9. 11. 2015;1;4
043;9. 11. 2015;1;3
049;9. 11. 2015;2;3
064;9. 11. 2015;2;1
070;9. 11. 2015;2;3
072;9. 11. 2015;1;3
075;9. 11. 2015;2;4
093;9. 11. 2015;2;5
144;9. 11. 2015;2;3
203;9. 11. 2015;1;3
215;9. 11. 2015;1;4
218;9. 11. 2015;1;1
291;9. 11. 2015;1;1
301;9. 11. 2015;1;1
352;9. 11. 2015;1;3
371;9. 11. 2015;1;1
469;9. 11. 2015;1;3
496;9. 11. 2015;1;1
497;9. 11. 2015;1;4
512;9. 11. 2015;1;3
513;9. 11. 2015;2;1
518;9. 11. 2015;1;4
522;9. 11. 2015;1;4
533;9. 11. 2015;1;3
537;9. 11. 2015;1;1
552;9. 11. 2015;1;3
553;9. 11. 2015;1;3
559;9. 11. 2015;2;3
560;9. 11. 2015;1;1
567;9. 11. 2015;2;4
577;9. 11. 2015;1;4
578;9. 11. 2015;1;3
590;9. 11. 2015;1;3
594;9. 11. 2015;1;4
988;9. 11. 2015;1;2
603;9. 11. 2015;1;4
606;9. 11. 2015;1;2
604;9. 11. 2015;1;4
