4. februára 2016
007;4. 2. 2016;1;3
013;4. 2. 2016;1;1
015;4. 2. 2016;2;4
019;4. 2. 2016;1;5
026;4. 2. 2016;1;1
027;4. 2. 2016;1;4
034;4. 2. 2016;2;1
042;4. 2. 2016;1;2
043;4. 2. 2016;2;2
064;4. 2. 2016;2;1
070;4. 2. 2016;1;3
072;4. 2. 2016;1;3
078;4. 2. 2016;1;1
093;4. 2. 2016;2;5
144;4. 2. 2016;1;1
160;4. 2. 2016;1;4
174;4. 2. 2016;2;2
182;4. 2. 2016;1;1
203;4. 2. 2016;1;1
218;4. 2. 2016;2;2
291;4. 2. 2016;1;3
301;4. 2. 2016;1;2
352;4. 2. 2016;1;2
496;4. 2. 2016;1;1
497;4. 2. 2016;1;2
512;4. 2. 2016;2;3
513;4. 2. 2016;1;3
518;4. 2. 2016;2;3
522;4. 2. 2016;2;3
531;4. 2. 2016;1;3
537;4. 2. 2016;1;2
545;4. 2. 2016;2;2
552;4. 2. 2016;1;2
559;4. 2. 2016;1;2
560;4. 2. 2016;1;1
589;4. 2. 2016;1;4
603;4. 2. 2016;1;3
606;4. 2. 2016;1;2
604;4. 2. 2016;1;3
607;4. 2. 2016;2;2
